500
172228606 -881459200
-1539047424 -74055680
734134270 -423886848
-1984036864 -2118123520
1610350590 -1234698240
-1809711104 -1159725056
1580859390 -1488191488
40000010 230000005
80000022 460000074
120000034 690000143
515244030 -1084358656
357695486 547225598
949747710 -1630273536
-839254016 1442054142
1293942782 -869531648
1807482878 -674103296
1352269822 1460404222
2042626046 1449132030
-1112801280 -1373634560
-1876688896 -589430784
2008940542 -1747320832
-1985347584 -794427392
-304873472 1774452734
-35913728 582877182
-1509556224 104857598
1739718654 2077753342
-648282112 -1462501376
-524288000 -1428422656
1211891710 149553150
-656801792 502530046
-280100864 -618135552
-1304821760 -1375076352
-991166464 959053822
-1440088064 -2065825792
654311422 -137756672
-164495360 1702887422
560988158 1945501694
2109079550 526516222
889847806 -571998208
404750334 1943797758
-958005248 -1963589632
-1215168512 909377534
-531496960 1440219134
1744961534 -299499520
1731592190 -1787691008
-1964769280 -990904320
1996488702 -1307049984
928776190 80871422
34471934 -514064384
651427838 -216268800
1669988350 273547262
372899838 1286995966
165937150 -2075262976
60030974 757334014
-508821504 977797118
808583166 -1475215360
-1459879936 -1937113088
1331298302 -581304320
-748290048 654180350
-916193280 -812777472
643432446 -772014080
2070544382 -990117888
-1241120768 462159870
-613285888 2067398654
1791754238 1731461118
-384958464 -181534720
-1222770688 1815609342
-762707968 730988542
-1511260160 -1435631616
-1231814656 1744568318
-376832000 -579600384
1784807422 -1838153728
320339966 -158728192
160000046 920000212
200000058 1150000281
240000070 1380000350
280000082 1610000419
320000094 1840000488
-969932800 168951806
114163710 408158206
704249854 -1975386112
-232390656 -954073088
-1383464960 -1474560000
-1787559936 52559870
844496894 1877344254
973733886 637272062
-1972109312 1308229630
1929248766 1846018046
-1811283968 1552416766
1407057918 -95944704
1697775614 2145779710
1003225086 150077438
-1335885824 -648937472
-1658322944 1082130430
156106750 -1740767232
-1447165952 1261305854
845414398 -1307312128
1265500158 -1928724480
446562302 -2004484096
1363542014 1014366206
-1276116992 105512958
960495614 -1523449856
1245315070 980156414
2119696382 -571998208
-2103312384 -99352576
-751042560 -1204944896
-1417150464 -1865809920
829423614 856555518
-2065563648 121634814
620625918 941096958
691011582 144441342
1016332286 -354942976
1054736382 -297926656
104071166 1391722494
438960126 -100139008
-2142109696 -1466040320
-141688832 1193672702
1737228286 196083710
-156499968 2036072446
1220411390 -316538880
-38797312 -1296171008
-1077936128 -216137728
758906878 -670171136
-898105344 -1618477056
214827006 -1418723328
-1735393280 -2130837504
396754942 -977403904
-1080033280 912523262
-768212992 -162791424
1003094014 217055230
268173310 288358398
619184126 -2136211456
-1845624832 -1274281984
-2143682560 1736572926
-1516634112 156499966
377618430 247595006
-335151104 303431678
-1229324288 321519614
-232652800 2118123518
-852623360 997064702
-1057751040 -1687158784
-1221722112 490864638
243400702 1647575038
-1154482176 -723517440
926547966 701497342
226361342 -1760559104
-1477967872 177340414
-917110784 1706033150
-535953408 1988886526
1184497662 -1363279872
-1261043712 283770878
-1275854848 500957182
-59768832 1269432318
1568407550 1751121918
1242169342 -738983936
-2014838784 1540489214
-500826112 1423179774
1210449918 -151650304
-1886388224 -1735655424
1066795006 -715390976
-2135031808 -1873149952
-1532887040 -1251999744
-708968448 1253703678
2146303998 1622540286
110231550 1614151678
-2046951424 -1083310080
-903086080 -559153152
1969356798 1568669694
-1514143744 990773246
1633026046 718405630
-859832320 1370882046
-789446656 -1111490560
2033188862 -47710208
449445886 -534249472
1688338430 1264058366
-450887680 -1360396288
-1987051520 -646447104
847511550 334757886
-716570624 1580859390
-486670336 -489553920
-229113856 -359006208
297140222 1604714494
-747765760 -383254528
924712958 2025455614
650641406 1674444798
2006319102 2056126462
1511391230 -1743257600
110886910 -2041839616
1457913854 1644036094
107610110 -1830289408
-1618345984 -2060845056
-870318080 1083572222
-192937984 1555955710
-260702208 1188823038
710803454 -106823680
349700094 -988676096
1479540734 927334398
-988807168 1031012350
107872254 -823132160
1568014334 -2103574528
-2041315328 -243531776
1569587198 1604583422
433848318 1873412094
255328254 1116078078
336855038 -119144448
-363593728 -1320681472
-1709965312 2022572030
-1662648320 -780795904
744357886 431489022
533200894 -903479296
-1597374464 -108920832
-1077280768 1216872446
-1259732992 265158654
-2090991616 -286785536
-520617984 1452539902
-726007808 -163840000
-1825046528 -1213857792
-661913600 -903610368
2078408702 -923140096
1494614014 -411435008
294518782 -546308096
-1378353152 -984219648
-166461440 -2146041856
-2017460224 278134782
1677328382 -1208483840
164102142 31588350
1281228798 1650982910
371589118 373293054
1297612798 -440532992
938344446 -233570304
685768702 1856241662
289275902 -1231028224
-465436672 836763646
-1243480064 -1843396608
939130878 -1130627072
-628883456 -767819776
2015494142 -618004480
1078460414 1092747262
-1655308288 508559358
1157496830 352583678
-1775894528 -2029125632
-3670016 975175678
-1997799424 1625817086
-767950848 1062076414
776339454 -760741888
-703463424 -1392115712
-336330752 766377982
256770046 249430014
-666894336 -2085224448
-891289600 2007367678
1307574270 -1961099264
299106302 -942014464
949878782 1504051198
-1728839680 2126381054
-1045561344 -36700160
351404030 1574174718
-2052194304 2122973182
1528168446 -1494089728
-96468992 1234042878
911736830 1019346942
746979326 -1743126528
1494745086 1842216958
-2147352576 -767164416
1396310014 -1308229632
-1777991680 2025455614
-187432960 583401470
93847550 -1660157952
89391102 -177864704
198574078 1886650366
-1221984256 -1070071808
-588644352 -249430016
-1075052544 -770441216
-1117519872 1039925246
2097414142 1684406270
-1943142400 -1729363968
214958078 -274071552
-454557696 -1616379904
-1001259008 1786511358
-2099380224 -1023934464
-380370944 -1155268608
207749118 -2072248320
420478974 596770814
-289538048 -2097414144
1129709566 -269615104
1922564094 -584843264
-1573126144 799014910
-1327890432 -220725248
-1774583808 -1059717120
-1877344256 217186302
-824180736 1988886526
1921122302 -208666624
-1477443584 -1592393728
-1136787456 -86114304
588251134 -1054736384
-631898112 -1906966528
1709965310 -1387528192
-232521728 -1031012352
618790910 -233308160
-516554752 -176422912
-500695040 -1266548736
-1246494720 88473598
1769471998 -553254912
1196294142 629276670
1882062846 -517472256
412876798 -620888064
-1040449536 -915013632
688914430 638451710
-502661120 34996222
-548143104 1666056190
-2002780160 2009989118
-1271267328 -353501184
-447741952 1938554878
-971243520 -159776768
228196350 -295174144
-53739520 -719716352
-2145648640 -1472987136
-436600832 -160825344
607125502 -931397632
-233570304 -743440384
-1374158848 1377435646
968753150 1068498942
-811073536 825360382
1940258814 619839486
493617150 733741054
1123942398 981991422
273809406 2089943038
-2040922112 -1219231744
198180862 1626734590
-820379648 -1949040640
-796131328 1620312062
-1454112768 711589886
1132593150 -1743781888
-600178688 1713242110
-239992832 -837812224
1258291198 1877999614
944111614 -1698824192
-1639186432 2056781822
2033319934 1775239166
1578237950 214958078
1147666430 -1625948160
-1542979584 -1977876480
-579207168 -1518600192
243662846 -99221504
96468990 815136766
468582398 -1775501312
1929641982 2024275966
-1768161280 637009918
-626524160 -1188429824
960757758 -1309409280
-112197632 -1177288704
870449150 -1798045696
2131230718 -1440612352
-1189478400 1933967358
1206517758 392167422
1009254398 573833214
-917766144 1161035774
-2025455616 60424190
459407358 -1331953664
1385037822 -507379712
-2023096320 92405758
-2090336256 -787349504
38928382 1320812542
-1133248512 542507006
2078277630 -1466826752
1709703166 -545521664
1784283134 1037434878
-695861248 82706430
2058354686 -682229760
-990642176 -1186463744
-853278720 -973864960
-1447690240 -776994816
-1503002624 1864761342
965083134 9437182
-44040192 1140981758
-1606287360 -991297536
-853278720 1791229950
-1537736704 -1609170944
-1815609344 -489422848
1521221630 -1710096384
-445120512 1800798206
-1829371904 -1673134080
2082340862 -198836224
-1531052032 -1429602304
-1416757248 -513015808
-995229696 -2077229056
-1574305792 -375783424
-1970536448 -1345191936
1578237950 -704774144
-812253184 -2104492032
-1094713344 -306184192
-1921908736 572391422
-1690697728 1399848958
-443547648 247988222
1152778238 487194622
-116129792 1002438654
1572995070 1854275582
-1186988032 1038221310
1844314110 1590951934
1482293246 -1728577536
435159038 -277741568
-2095710208 -1282539520
1750204414 -563871744
175767550 2033057790
-91095040 -1697906688
642383870 858390526
-1563295744 602144766
-135397376 -1611923456
1039925246 445906942
1977352190 -793378816
980025342 -848691200
1736179710 -705953792
-1291059200 -2026766336
-1718484992 -1042415616
-2028470272 -403570688
-215351296 168558590
1445462014 -1871183872
-1828978688 -823001088
-924319744 -396361728
-1655701504 307232766
238813182 1184628734
-495976448 1676541950
360000106 2070000557
400000118 2300000626
440000130 2530000695
480000142 2760000764
384696318 -510787584
-1090519040 1620180990
2021916670 -1148321792
1328545790 99352574
1966866430 865992702
-19005440 -2016804864
-1285685248 -897449984
1893203966 241958910
139591678 -1784676352
604766206 1604190206
-624295936 -1199177728
653787134 1687027710
-1318584320 1491730430
1535901694 -33161216
-706347008 1430388734
1939210238 -1355022336
1958608894 -2051538944
1302855678 656146430
559284222 -809107456
520000154 2990000833
560000166 3220000902
-629014528 805961726
648019966 -735182848
854982654 237764606
-1941307392 2139881470
106037246 -734920704
945684478 1163395070
156106750 -1231028224
359923710 1299447806
-1922695168 -443154432
-1521483776 1546387454
-388759552 -183500800
-401342464 -1128005632
-689438720 1539178494
-2490368 -159252480
2029387774 272236542
2028732414 -1808924672
532807678 -857735168
-1637613568 -970850304
-2057043968 33947646
-1018298368 650903550
-1615986688 -19791872
-396492800 1773666302
-1290141696 1484652542
-1509163008 1025114110
-835977216 404357118
-1019084800 634781694
1432092670 -1227096064
1619132414 -1643905024
600000178 3450000971
640000190 3680001040
-947781632 1893859326
529661950 1039794174
1656094718 -159645696
798490622 936902654
-775946240 66715646
-1512701952 -309854208
-1980104704 -404357120
180092926 -380764160
29097982 2145124350
-2086666240 13369342
1732509694 -1278738432
-2132803584 -360054784
1572862 -139591680
1485438974 234618878
-654966784 -604635136
-1249771520 -703594496
-298319872 875954174
1127481342 1311768574
1958477822 -596508672
2108293118 1372717054
1800142846 -1528168448
239599614 376569854
478806014 1818230782
-1662910464 1479016446
