1000
0 0
2007105534 -1260126208
-611450880 1654390782
-1724776448 -611975168
-1199993 -399996
183500798 1720451070
751960062 1091829758
2012348414 -36700160
-593100800 -1623982080
-2699993 -899996
-1810235392 -2131886080
-397279232 1776680958
2043674622 -663224320
-1406795776 294518782
-1310720000 -1984823296
1 1
-644218880 382337022
1496186878 1334181886
-1311899648 -1050017792
1545076734 1760559102
2140930046 -2007367680
-26999993 -8999996
732954622 -374603776
-1835663360 1687945214
-1474822144 -782106624
-1724776448 -1710489600
-1535377408 -1667891200
853934078 629145598
-23999993 -7999996
1405091838 300548094
-1353580544 -372375552
-1290272768 1516765182
-1831862272 921174014
1502478334 1613627390
-1367867392 327155710
295698430 -1192361984
-505806848 2130706430
-2102919168 -38273024
878313470 1801584638
1046740990 -1032978432
-1896480768 -1345978368
5269 5269
76546046 1336934398
598212606 -1458307072
816840702 2124021758
-512229376 1651113982
-1260912640 1211105278
1327366142 1422655486
1547436030 1155923966
886046718 -223346688
-300417024 1127219198
987627518 -2008285184
913309694 1293680638
2025193470 -1367867392
1298006014 -226230272
912916478 638975998
-1529741312 1068630014
-1464074240 -1006370816
-454950912 1217003518
-274333696 -1787691008
512360446 -1339293696
526385150 -455213056
1560281086 354811902
10 5
493617150 -904658944
-1895432192 1524236286
-1254096896 -1027080192
-1058930688 1541275646
787611646 502792190
-1694892032 1024720894
-1521614848 862191614
-1648885760 1717960702
-1522794496 -1904869376
275775486 -991035392
-1643905024 -1116340224
871497726 1399455742
-401211392 1563033598
-1081737216 -1021968384
1784414206 1224867838
-260177920 1830551550
1710489598 1472200702
-197263360 880541694
1887436798 -1936064512
-189267968 -2140012544
619446270 619315198
-1887174656 -144965632
-1833304064 1783627774
-10616832 573177854
13 6
-1070596096 -1606811648
-1333526528 1824653310
-174587904 332136446
988020734 -1126039552
1543110654 1860304894
-948174848 1679032318
200802302 -928382976
1835007998 -2026110976
-662175744 1667629054
-1268383744 586547198
-1888223232 181796862
435159038 -1656881152
-463077376 1931476990
-1808662528 1536819198
1315831806 -1070333952
-1678114816 -977272832
-1609957376 -575275008
-990511104 -1665138688
7 4
1820590078 245759998
1993080830 -1575878656
-2031091712 1856634878
358744062 618921982
-14993 -4996
-1745616896 325582846
1032191998 -1876295680
-1306263552 -673316864
-1215430656 -901513216
263061502 -1909325824
1346764798 1401946110
-436862976 1867775998
1366032382 -253231104
-2146566144 1295122430
-1410990080 465436670
222167038 1192230910
2055471102 -1715208192
180007 60004
-481951744 -115998720
-1681129472 345899006
-550895616 1491075070
1989410814 -1202585600
-261357568 1720057854
-438697984 -1940389888
1331036158 -145883136
1869479934 1851654142
307 104
-1996095488 643563518
1873543166 1613234174
407633918 108920830
1575485438 1074659326
1968832510 59768830
175505406 -1383202816
-1211236352 -304087040
1058144254 463863806
-1773666304 -224002048
11010046 1437204478
-1602879488 234094590
-643170304 -1067581440
463732734 -1793851392
-623378432 2007760894
1236402174 -2122973184
1518338046 818282494
1655701502 -1541931008
-95682560 1221459966
240007 80004
-74973184 -402784256
2132017150 1438384126
1777074174 -1588461568
1780219902 -501481472
618659838 1990983678
1675755518 -506724352
1330249726 -1451098112
699138046 404619262
768606206 1073479678
-1399717888 652345342
-73269248 -1498677248
-863109120 2102132734
-1111097344 1453588478
100794366 1868300286
-1663696896 -399769600
-642121728 499646462
-850001920 2044723198
930873342 1449132030
-1905262592 -731774976
-1291190272 352190462
1195507710 846725118
-877658112 -857735168
1252130814 364380158
239337470 580911102
1231945726 263585790
1504968702 1049755646
-79167488 -408944640
236060670 1605107710
99090430 74448894
1846280190 -688652288
-1428160512 -2087714816
-83361792 325320702
1139146750 -469499904
329121790 -430964736
362283006 -1374814208
-1666842624 -1471021056
-2134376448 -11010048
-54788096 1722941438
440532990 1671299070
843972606 -1051983872
-1324220416 -505937920
1276903422 -1594621952
-883556352 -1512701952
206176254 1852440574
-1586233344 779616254
-35651584 -239861760
536346622 1749811198
-992870400 -2112880640
-138149888 -1665662976
-259129344 -1369833472
1156710398 -1650196480
419430398 99352574
-738066432 362545150
-1910898688 705953790
-1917583360 1686372350
1641676798 -806486016
290455550 -256770048
349700094 -623378432
90046462 1419771902
-1387659264 928251902
654180350 1359871998
-2138308608 -1637220352
-1616117760 -340787200
1998979070 -375521280
-1450967040 -1571946496
324796414 525074430
168558590 443809790
36306942 -543555584
1803419646 899022846
2128084990 1506934782
479068158 -239599616
1358561278 1918500862
1051983870 -23724032
-1392902144 1091567614
-353501184 1867251710
-1088421888 -1875378176
1427243006 1887436798
689963006 -2082078720
1972240382 1795817470
974389246 299499518
1102184446 2064908286
689176574 1912209406
-92798976 -1546518528
439484414 791281662
-1714552832 -1483341824
906362878 12451838
-430047232 -326369280
-1682178048 341573630
902823934 1439956990
1972240382 -261619712
1704591358 2032926718
-136445952 -1763049472
306446334 421527550
-1834090496 284557310
-1792147456 1269432318
497942526 177733630
-790626304 895221758
1187643390 -1489895424
1405485054 -1056440320
187170814 913309694
-645791744 1005191166
-2102001664 -240517120
-1296957440 1045430270
-969932800 1774714878
456392702 -927334400
933756926 -843972608
116260862 -40894464
-174981120 -1321730048
1830813694 1597898750
-1069416448 2087583742
-1709441024 -85721088
436338686 732168190
-1885601792 1735786494
-376700928 -2017198080
-75104256 23855102
1730019326 2134507518
-852885504 1256456190
-1678376960 -949878784
-249823232 -665845760
1013448702 1852440574
997064702 -1315307520
609746942 -2051014656
142344190 -1882849280
1045168126 -1930297344
-1674182656 -551026688
485621758 -988020736
-941228032 -301858816
253755390 349306878
-562429952 800063486
-160694272 -1535115264
2135293950 -62390272
-1474297856 -614989824
1062600702 -1261174784
550895614 -457703424
-1188298752 -1277034496
1383202814 1712717822
185729022 -222167040
-727056384 -1923219456
1272184830 -887095296
1075707902 535298046
-31850496 -1120927744
2076704766 -1311768576
169869310 -1571160064
-988151808 -1376780288
1174798334 878313470
-1166540800 1446379518
345505790 1358036990
809762814 1687814142
580124670 -502792192
409468926 1954414590
-898498560 -766377984
1147011070 -593887232
648806398 -159121408
1236402174 559939582
1518731262 1391198206
1360265214 -1477836800
425197566 -1515978752
400031742 -782630912
-195690496 -1657405440
-335675392 651034622
1993474046 -1547304960
-356515840 -1112145920
-1727135744 -1498021888
1234436094 2094006270
-1854406656 -1026555904
-239468544 1770127358
-1937899520 1022492670
909901822 -1513750528
1389232126 -1355939840
-327155712 1184104446
1713373182 -763625472
-1354498048 -1429733376
-1669070848 -858390528
-1808793600 2055995390
-1038483456 1810628606
467402750 -147062784
1231945726 876871678
-1537998848 -1009778688
-1842085888 -1394212864
639893502 -842399744
-829554688 -813826048
-179993 -59996
-239993 -79996
874381310 -580386816
2080899070 -1760428032
-1910505472 -909639680
1211498494 -48365568
-2135425024 -162398208
1579810814 -283901952
-69206016 -869138432
1459355646 -1547173888
-725221376 -553123840
-1100349440 606207998
1816526846 425066494
765067262 449839102
-536739840 1230503934
1147666430 140640254
232783870 914489342
153354238 1140719614
840040446 -413925376
-1226309632 -1333788672
1738932222 1070596094
-2108424192 -1910243328
-746323968 -1604845568
1557790718 1353711614
-1040580608 -1390542848
3000005 1200009
3500005 1400009
4000005 1600009
4500005 1800009
1087635454 -1346109440
2034106366 692846590
-2053767168 -171311104
919863294 -601882624
-622854144 453640190
204079102 1868038142
1073872894 -2050621440
438304766 91881470
1040973822 1222377470
-1649016832 111935486
-1087897600 -1107689472
-1047789568 -870187008
-1403518976 -868876288
1777860606 1543766014
1505755134 -1019084800
1132331006 1574699006
1231945726 857079806
-605421568 -277741568
1285947390 -1475870720
231211006 -2109997056
-1952317440 -1283063808
-2039218176 1766195198
2078408702 691273726
-1365245952 1066795006
1290665982 -124256256
-1117913088 -820379648
-744357888 -1958739968
1034420222 -1609957376
2079457278 258342910
-832569344 -657195008
1228537854 -1759248384
1692794878 -1769996288
1828454398 1947205630
-636223488 1704722430
2083258366 -1217789952
164364286 61210622
-889585664 1052770302
1291845630 283770878
-149291008 891158526
-1774977024 -621543424
680132606 1890058238
-124911616 -411828224
282460158 -1798176768
-514195456 1739063294
820641790 1627258878
-871104512 1010958334
1834221566 329777150
-1192624128 -1312030720
2030698494 1242038270
768475134 -1650720768
515112958 1145176062
166854654 53346302
-260702208 -167116800
-203554816 -367656960
1715077118 -875692032
-1444151296 -1939603456
-227672064 -1940258816
-44826624 -2054422528
357957630 1057095678
-1078591488 701366270
-154140672 2119041022
1797390334 -1373634560
-1902247936 521928702
-862322688 1217658878
-483786752 -1807089664
2032402430 -247595008
1724907518 -153223168
1430781950 -341573632
-72744960 448004094
-148897792 -1063649280
-1512964096 -1751515136
718798846 -793378816
1949040638 788529150
1639972862 657326078
-1481506816 1981808638
1405878270 -1253441536
-1590427648 749076478
-1684406272 -1640103936
-1649934336 668073982
-1794637824 -1146880000
-924188672 975568894
1177157630 39190526
-1357905920 -7340032
-1696595968 -271056896
-1809711104 -166985728
-1160511488 -1471807488
-1167065088 -892469248
-1039532032 -323354624
525598718 1139277822
-1545338880 -1842479104
-1233518592 -1367736320
-2136473600 -1595277312
-1415184384 961806334
898498558 -999424000
-1291845632 605552638
1866596350 869269502
-270663680 720240638
116391934 -1162870784
2046951422 380108798
-238551040 177864702
158334974 -647757824
-1962278912 -51642368
-794296320 532283390
-2138046464 -314572800
225837054 -1100742656
701366270 -732430336
1480327166 -463339520
-1856110592 1266810878
968097790 2041053182
-116654080 544997374
255328254 -1841430528
542638078 -1578762240
-980287488 1576140798
360841214 1277165566
1916403710 2087976958
-653262848 -21364736
1394868222 503971838
-1680605184 1649934334
1023803390 -659554304
-545521664 -1491468288
2228222 -1715339264
1099825150 1132462078
-880017408 -1675100160
956039166 -606076928
384827390 -889978880
-1910243328 -96731136
450887678 2023227390
-715390976 -1095368704
1603796990 -763363328
-1275854848 812908542
1782841342 -112852992
935854078 1460273150
281804798 625999870
155189246 -1000472576
2082209790 -1073741824
-1076232192 -1223426048
1625686014 -648806400
557187070 2104754174
1995833342 -501612544
-1835794432 1087635454
-1226178560 310902782
-2065170432 -512098304
1720188926 1701969918
593231870 185466878
2071986174 -1880489984
206831614 695992318
1555169278 -580124672
1560412158 1716912126
-1979973632 1485045758
-681705472 1456078846
846856190 670564350
1790836734 -2113929216
1096155134 -2006319104
-422313984 1745092606
-385089536 1250426878
557055998 824967166
892469246 1035075582
1432748030 -1375076352
-1430257664 1864105982
124256254 -809369600
2128216062 -1518469120
817102846 1091043326
1813250046 20447230
-3407872 1198653438
-1371537408 687341566
-230686720 -1787822080
749600766 -353763328
-1858600960 883949566
1526595582 -1169031168
-1736966144 822083582
-664928256 -238813184
-806617088 733741054
1431699454 1103364094
1605238782 2142765054
-938082304 870842366
-426770432 497025022
1999896574 713949182
455213054 -924450816
-486932480 -990380032
1060503550 -584450048
355074046 268173310
770965502 1142816766
1598816254 1797521406
1280573438 -1007681536
258998270 -1973551104
607256574 1312292862
595197950 2082340862
-238288896 2001862654
-2098593792 470548478
-338558976 -1101529088
-954335232 -635043840
-1914306560 -847773696
438435838 1047134206
-1381105664 1525284862
871497726 285081598
-1571684352 -766377984
-28835840 -1898053632
1183449086 1856110590
-421527552 -1829240832
489029630 -325844992
1748762622 467402750
1611923454 2105278462
-789315584 367263742
1105592318 583008254
-780533760 -774111232
702545918 431489022
-664535040 270794750
846725118 -2145779712
-986710016 140509182
-1301807104 -656277504
-108003328 1436155902
405667838 -1716125696
1361969150 787480574
-535560192 1758461950
133955582 -726401024
-323092480 862453758
384827390 -1709309952
170655742 -996409344
257425406 1936195582
-481820672 80871422
-57147392 1887567870
837287934 -1985478656
1417281534 204603390
1901592574 -1638400000
2112880638 -1212153856
-614334464 1822425086
-161480704 -1961230336
-136708096 1848246270
-1653997568 -2122317824
-2036334592 -831127552
791674878 715784190
203948030 -448790528
1965031422 946995198
-930349056 1902641150
892862462 -789053440
1627652094 -1134952448
1741946878 223346686
66846718 1308098558
-1141899264 -1935409152
1334968318 1493041150
-235798528 -2082734080
-1029046272 -2014314496
351535102 835715070
6815742 1383858174
445251582 534773758
-1371668480 -2090598400
-251002880 388628478
880279550 384434174
-2074607616 841613310
692191230 430964734
-1054605312 -219807744
-1373110272 -1339555840
515637246 -980025344
-2010644480 -294125568
-1219231744 -674889728
977010686 -1461846016
1992556542 -1409024000
-363724800 -459014144
1742340094 1376387070
1491468286 293208062
-1474297856 -1419902976
-1291976704 -1284898816
169738238 -1534984192
-2034499584 -1523187712
-299237376 -896270336
-1570897920 -1690042368
1504313342 629276670
633602046 252575742
-723255296 -1096679424
-1904082944 989331454
389545982 -1142423552
106954750 1321861118
167378942 2005270526
-1134166016 -2071199744
698744830 2082078718
-1872494592 1039663102
-843317248 -850657280
-655228928 -765984768
1593311230 1694629886
-1945763840 888406014
69599230 1291976702
-1846542336 469106686
-849477632 1025114110
-1964507136 -807927808
-438829056 633733118
-820772864 1263009790
-735182848 -1889796096
-250478592 -745668608
1361051646 900988926
-1963327488 -1317404672
-1125908480 -934412288
-1645084672 851705854
-1158938624 922222590
1277689854 -1677852672
-64356352 1929248766
895746046 854851582
-1076232192 214171646
1040842750 160563198
315359230 -1778515968
145096702 -1319632896
1428815870 810549246
-370016256 2134376446
247595006 812646398
-1621098496 -2013528064
-1714946048 1037828094
-1877082112 -46530560
-1406664704 -688390144
-526254080 313393150
1195638782 -1582039040
548536318 338558974
373555198 1891631102
-605683712 -737804288
-1025900544 1697120254
-726007808 434896894
1216741374 344063998
839647230 979369982
-831913984 462553086
1730805758 2123890686
260308990 91619326
509214718 -2065301504
-645791744 -279969792
-304218112 1101004798
-1442971648 -798621696
528613374 -930742272
-229638144 -825229312
1385955326 -2035023872
165019646 -2002911232
1083965438 351928318
1454505982 -1182793728
1812987902 1255145470
-1256456192 619708414
36306942 -1178730496
-1524105216 752484350
-1228144640 959971326
1191706622 -54657024
-485359616 -1424359424
-1378091008 -1319108608
-1370619904 -1602748416
-1862926336 1693057022
-1985740800 119406590
-475922432 -2019950592
-973471744 -2023620608
1533935614 1826881534
-1936195584 -1163919360
1827930110 1964638206
35520510 -502136832
-954335232 -1147273216
-602800128 1178599422
-722337792 -1317404672
820641790 -420872192
1306263550 -1936326656
-896139264 -1553596416
1550450686 -212205568
-1015152640 -2087321600
1671692286 -858521600
-1240203264 1229062142
-355860480 -1654390784
1188823038 -234356736
-1214251008 1474428926
1357381630 1372061694
-1624244224 189267966
2096234494 1836974078
354156542 1423441918
-1966080000 -1095106560
22806526 -20971520
361889790 125435902
-460455936 -1286602752
435552254 -560070656
-759693312 747634686
125435902 -1664614400
1284767742 -932052992
-1545076736 -775684096
2136473598 -377749504
-1991245824 -361234432
-218628096 199884798
-2036465664 792854526
787873790 -145227776
-1432616960 -1024983040
1571028990 -185729024
1098514430 -906362880
1978793982 1912471550
-1932263424 1656487934
-206569472 -147193856
2118254590 -1785724928
-1504182272 -598736896
1012269054 -438566912
-1638268928 -1609170944
-1171652608 -1418461184
-1059323904 1295253502
694550526 -595722240
168296446 -749993984
-1899626496 1876951038
97779710 -1130627072
1093402622 1966078
-2025324544 674365438
-1692794880 -691011584
642121726 1887698942
-1497235456 142344190
-1949171712 1722155006
210501630 -921960448
349831166 -1981153280
203423742 -1599733760
-746455040 604897278
-940703744 -1457258496
1994653694 -1311113216
-1423048704 2079195134
559939582 -2141847552
846594046 -127008768
-1252261888 -429654016
-558628864 -1963982848
-1600651264 49414142
-1698430976 470417406
-1377304576 1738539006
1533673470 1351483390
-444465152 -1746665472
1105330174 1105330174
63832062 -994967552
149553150 1458831358
-1902247936 -1398013952
71434238 1704984574
285343742 146800638
2058878974 -996802560
-2054291456 1834614782
-1564999680 1975386110
1998454782 134086654
155451390 288227326
-534511616 562167806
-1417281536 -1736704000
1348861950 -861667328
-1965293568 -625082368
1632894974 -1455292416
55967742 -1864237056
12713982 603193342
-1396572160 -627703808
-1707343872 440270846
238419966 1136394238
-1496973312 1261830142
-334102528 -96206848
-1423572992 2091253758
2023751678 1554120702
749338622 -1128529920
786956286 -2002255872
-1535508480 -1473511424
-1603141632 317980670
-111935488 484311038
-47579136 -1897922560
-2016149504 1091567614
-1644822528 249298942
1095368702 1191182334
1505230846 1163657214
-386924544 -719978496
-321126400 1849950206
-138412032 2055864318
995622910 -1463025664
783548414 411828222
-1254359040 -370671616
1603272702 -1477705728
-1514930176 791543806
1949171710 1128529918
-1265238016 440664062
1010696190 -576716800
1650589694 -1665007616
160694270 -1918894080
-959315968 -593494016
-1561198592 -718798848
1507721214 -115998720
-1790574592 -846987264
255983614 -670302208
1803419646 -1609826304
-1937113088 -1543766016
-724959232 861536254
-1046740992 576585726
1096810494 1960837118
-1414135808 -1970274304
-36962304 656015358
-1962803200 87556094
1421213694 -1673920512
1385431038 2083782654
-1088159744 1161953278
-1694892032 -486670336
-1421082624 2109472766
-549453824 -1617690624
-506462208 2077622270
1282932734 1004535806
294911998 -854589440
-339738624 128188414
-1980235776 1197604862
1859125246 -757596160
-1415053312 -689569792
1727922174 1755185150
400949246 268304382
784728062 -224264192
642514942 -302383104
1305608190 -318373888
-1458307072 -1505492992
-1619001344 -758775808
-2014838784 -133562368
66191358 715522046
958267390 -530841600
-477233152 479461374
-1584529408 450887678
1292369918 932446206
1657536510 1458831358
-169213952 -1876688896
536477694 -1991245824
-442630144 -551026688
-1056178176 1111359486
317980670 -917372928
1015939070 1882193918
-1138229248 -150470656
-269221888 1995964414
-1049493504 617086974
240386046 56885246
-905707520 -736362496
767557630 -2090336256
2073427966 -990511104
2063466494 -1429078016
-1938554880 -543424512
-1680211968 -329383936
-134610944 -1223557120
-941228032 1332477950
497287166 1274937342
533594110 -1976958976
312082430 941228030
-888143872 -936509440
-307494912 -368443392
-464388096 95158270
1440874494 433455102
-1138491392 1729626110
461635582 499646462
2051407870 1967783934
597688318 1205207038
-1519124480 -1506672640
1846673406 -208928768
-1716649984 435159038
2114715646 1819279358
1962672126 -192020480
-316538880 1425145854
-2101739520 1007943678
1892155390 -1245315072
-1386348544 -1555824640
443023358 1574699006
-20971520 682754046
433848318 -1162084352
-1226571776 -227016704
-897449984 -780795904
20840446 1313996798
1387790334 -2147221504
-796917760 1045430270
-1645084672 -1355546624
-388366336 2046558206
-114032640 -1659764736
-1597243392 1275068414
438566910 -405798912
1617035262 877395966
-661651456 -2128084992
1728708606 -1228931072
1651507198 843972606
-540147712 1046085630
846462974 -665976832
-869924864 2094137342
-1861353472 16383998
-851836928 785121278
-403570688 273678334
1404043262 -1401028608
-1339817984 -1771831296
1039007742 785514494
1115684862 -37355520
1826881534 823525374
1388183550 980156414
1465384958 -685768704
1560281086 -1592655872
597950462 -1074528256
-841875456 -1892679680
1342963710 754057214
750387198 190316542
1903820798 -445120512
289013758 102760446
281673726 -1089601536
710672382 1669988350
781713406 839647230
549060606 1961623550
1970929662 -490602496
-1694367744 190578686
-1562902528 -2027945984
754974718 -896401408
774242302 283246590
2032664574 -464388096
-1229193216 -2077360128
1285423102 -464257024
1074397182 1657405438
-38141952 -1263665152
-999424000 330825726
-720109568 -2101608448
645791742 795082750
-922353664 -1400766464
147062782 407371774
1405222910 1587412990
-1811152896 -937820160
-1413087232 178651134
-1271660544 963379198
653656062 1578500094
-748552192 1440743422
270139390 -508166144
-1679818752 -792723456
-1226440704 -377094144
-933888000 -701104128
42467326 -48365568
-1969881088 -152698880
1319895038 1620705278
-1863974912 941621246
-620625920 -435683328
835059710 -1333526528
-1790181376 -1354366976
-969408512 -1725300736
-2048917504 141557758
-1165492224 994836478
-1498152960 46399486
1570373630 -1569980416
1826881534 -133038080
-157024256 2063204350
-860356608 -1634205696
696385534 92274686
3276798 -713687040
830341118 -2041839616
-669777920 -779223040
-91226112 428867582
-547487744 -756285440
240000112 80000039
270000112 90000039
1619656702 -1740374016
-1570766848 -645136384
2003304446 -2012217344
-209999993 -69999996
190578686 2060713982
-269999993 -89999996