100
29 18 26 3 39 -40 -26 -48 -45 9 -15 14 2 21 38 34 43 -43 -48 18 34 -14 -30 35 27 26 -45 -8 -47 -34 34 -32 42 -22 -19 28 -14 -36 -18 -4 38 -49 -38 18 30 -19 35 -9 -1 -4 -50 -11 30 -16 -26 -42 -26 -27 22 13 -30 40 44 17 25 24 -10 -34 -26 11 -27 -45 -17 -13 27 -36 18 6 3 30 23 -9 -3 46 -40 5 31 47 41 6 11 35 -18 38 -36 -7 -45 -48 -16 48 33 
29 -12 31 11 -21 11 -20 4 4 47 -37 4 0 -48 40 -4 -39 34 -49 10 -4 31 -43 16 -2 2 2 35 -23 47 46 -24 11 -28 16 -31 7 1 36 6 47 -26 -8 -41 -8 26 -37 -14 28 -21 6 -6 31 43 18 -20 27 -36 43 -3 28 17 -29 -11 17 -28 -8 34 -32 34 42 21 -27 -6 10 37 -44 -17 47 -41 48 -35 41 35 14 -37 -1 -43 -5 -35 3 1 49 -15 -24 41 -29 38 34 10 -27 
1 48 21 -14 22 1 9 -7 41 -34 20 28 -7 -25 0 -35 -41 21 12 39 18 -38 36 1 -6 -44 -24 -36 24 5 31 47 49 44 -41 -44 -25 39 -21 22 -30 33 -47 42 -30 16 -14 18 -48 44 -16 -39 44 -11 18 -41 43 43 16 -47 -14 -40 -42 34 -26 -37 -36 16 -28 -12 -23 -23 -6 2 20 29 3 -35 18 22 16 -29 -7 29 -38 44 -10 16 -21 12 -36 -42 -14 44 -22 -9 28 -23 45 -32 37 
5 -39 6 -11 -31 -39 -7 3 12 -50 45 -22 44 36 -24 -1 -22 27 -22 8 -21 -2 -33 -15 -6 10 -7 13 -1 -12 -21 -4 36 19 -24 -15 -31 -5 4 -14 39 -38 -33 20 46 -11 1 -19 33 28 -31 -14 -1 -25 33 49 35 -2 28 -11 -18 -43 -21 -22 16 -35 -34 -36 -22 18 -1 -31 18 -36 -15 -25 2 4 -31 41 40 23 27 21 -30 31 -25 49 -14 17 2 -36 20 -4 -34 17 -26 41 -26 -36 13 
5 -22 -28 11 -7 13 30 -24 14 11 11 22 -32 6 -24 27 -20 -23 -43 -47 -33 34 2 49 23 4 47 28 19 10 -27 31 8 8 21 -29 15 -22 24 -27 28 21 29 -7 48 -24 -32 -50 13 -12 47 36 -22 -38 20 44 39 22 7 -14 -1 4 34 31 -42 23 41 43 23 25 -48 38 34 -37 36 -44 -23 22 -35 -44 1 25 -1 23 8 37 -13 20 20 13 40 47 6 -4 41 -49 -37 20 -36 -41 40 
13 -41 -42 -2 -38 -25 7 -4 45 -11 4 -10 -33 -6 -5 42 25 27 35 22 37 -10 1 -2 48 45 -29 12 -36 22 47 14 17 44 -40 -36 12 -8 29 -26 -38 16 -6 8 -37 17 21 -5 12 14 -15 -24 21 6 30 -44 32 45 10 -31 -17 -49 20 25 28 -40 12 -47 -29 38 0 9 5 -28 -34 -41 24 -43 -38 9 -6 -21 9 -5 -45 39 3 -7 40 -3 30 -23 -26 -7 -13 -22 -46 12 22 -33 -37 
-35 -16 27 22 41 2 24 27 4 -29 -46 -14 3 -14 -32 -4 43 -17 49 -24 9 30 -42 -4 -12 42 8 15 -40 38 -15 -22 29 41 -19 -23 -44 22 -36 18 -47 -11 28 19 21 33 -38 -32 -25 21 -9 -37 43 -46 12 -24 -17 -26 -23 49 15 -49 -39 -29 -10 16 -46 48 5 -11 19 5 1 49 -42 37 23 12 23 -43 -2 -38 16 36 11 -17 15 6 28 -39 -24 10 42 -11 32 -36 8 -50 -44 31 28 
5 4 -38 48 -26 -1 2 49 22 -25 17 -27 38 48 49 -18 41 25 45 -27 -27 23 -33 -41 25 9 41 -49 -31 24 35 21 14 15 31 -1 -21 33 -9 -6 5 20 -31 -31 -25 38 -30 -24 -9 -27 14 -26 -33 -35 5 38 -31 -15 -43 -14 -6 25 -13 29 0 24 17 -41 -31 -29 -4 5 42 37 -3 -45 -14 -32 -17 -33 38 -26 3 -10 -6 -22 23 2 -27 27 28 -14 36 -46 29 -48 -13 -18 -8 40 38 
-48 25 -15 -45 -15 -49 5 -23 45 -14 -20 26 17 -33 -18 -4 -37 37 29 30 -16 38 23 -6 34 17 45 42 20 -7 -47 -27 43 2 -14 8 0 48 -6 44 7 -4 -3 42 -30 26 14 2 -47 -20 -50 -26 -20 36 -22 -39 13 24 12 -31 43 24 15 -49 40 -35 17 4 -3 -30 3 -25 19 42 -50 11 -21 -36 -45 36 6 -3 49 -23 19 37 30 19 -27 40 15 15 38 -48 46 37 -35 -29 36 -13 -33 
-36 13 46 -28 -29 24 -1 -31 35 -25 9 10 -48 -38 -45 -18 21 -37 39 19 -33 -35 -33 -31 13 -33 -9 -29 -11 -41 42 -18 43 10 25 -11 46 -40 16 44 -46 47 25 -19 24 -21 -38 30 34 -34 -14 -12 27 28 -47 -24 6 4 -39 37 6 -50 -6 -9 -14 -16 -29 18 43 49 8 -17 5 -50 -23 -38 5 43 -5 -1 -13 27 13 41 -46 24 42 -20 -5 -14 -14 -30 23 30 10 19 37 26 34 37 -44 
37 -35 45 36 -37 -50 25 6 -49 -11 7 -42 41 -35 -30 -1 23 43 -21 14 45 -5 7 -42 -28 -4 -27 7 30 -47 -50 -7 23 15 -32 -40 -30 19 -29 -48 -48 22 46 -10 5 -23 -5 28 -48 4 48 -43 15 9 11 44 2 -1 35 -29 -3 -41 -8 -20 -42 29 -33 -43 -43 -50 26 -17 49 11 -10 -10 18 -25 -37 25 -12 17 43 -12 35 39 -25 29 -2 7 -33 -30 25 -28 24 -44 47 17 34 -27 13 
-1 47 -43 -4 14 -12 33 -18 -25 -49 -13 -38 12 -5 35 45 -13 19 -22 -8 49 7 11 21 5 37 -24 47 31 42 17 32 12 19 45 3 31 -31 -41 5 -15 -39 28 -39 -39 15 -10 -10 44 -9 -29 -29 -6 -25 -33 -9 -41 47 13 -29 -39 40 -33 9 27 -46 35 31 1 40 -27 -6 2 26 -24 20 -25 -8 14 17 -6 -32 3 -28 -48 -36 -25 47 29 0 -48 -18 42 -44 -36 43 -27 -8 31 -3 3 
-15 45 -37 14 6 -24 30 8 -9 31 -23 9 -46 -15 -13 -27 49 40 1 -3 -28 -3 -3 45 -6 17 36 -32 3 -50 -34 -41 -33 13 26 0 -11 -10 36 -46 -41 31 24 -45 -18 44 -40 48 -18 30 -29 38 -36 -34 -13 -16 41 -2 -6 22 -18 29 -38 30 27 -21 2 31 -9 -8 35 45 18 -29 13 -15 13 24 -10 9 -8 -19 -22 16 7 -7 -24 15 -44 46 24 34 -44 17 -43 18 -16 9 13 -35 -42 
-26 -23 -43 -31 -28 6 46 35 -20 27 29 -12 -6 43 -12 -41 27 40 31 -19 -35 39 -4 -24 -20 -19 -34 35 39 -17 -46 -40 44 -36 5 -9 22 -35 -27 -33 -12 -24 19 -43 34 -6 -1 7 32 8 -32 34 27 -48 -12 25 -1 12 -44 -44 -34 41 39 0 24 -46 44 42 -27 -45 -8 -46 37 -8 34 -38 33 -40 -14 -35 -9 -35 3 11 -34 -19 -17 11 -28 -15 13 -1 -44 17 -47 7 -46 -45 -28 -43 44 
48 21 -33 31 -12 -32 46 -10 -27 -24 -23 -1 46 -48 -14 -15 48 42 -29 10 -13 1 -2 39 45 18 36 -14 31 26 -50 20 14 -32 10 -10 25 -45 30 -34 -31 -13 13 -33 39 -27 13 49 -23 20 -27 44 -42 25 -40 10 -37 47 -27 -8 -3 -18 13 -50 30 31 12 -48 21 -29 12 -9 -13 28 -27 25 -12 -36 22 -8 -7 -41 8 16 -9 31 -25 31 10 44 31 -44 22 -40 15 -50 -27 -1 30 -32 46 
32 -31 -40 -31 -1 -16 14 -12 -37 23 13 28 -5 -1 -13 32 5 7 30 31 4 -48 -21 28 19 4 0 27 -47 -50 6 21 -5 -43 31 -40 -12 1 -6 -12 -50 1 -26 15 -48 -4 30 -20 -25 2 -1 -28 12 5 -22 -10 -42 6 48 -25 -39 -13 47 24 -43 8 31 7 -22 8 38 -12 45 23 5 -10 46 -23 38 -12 8 -19 -3 -17 44 -12 -15 36 18 27 5 5 -14 -18 -8 -18 -44 33 -48 -37 37 
17 38 45 8 31 2 -7 -17 47 17 -39 11 44 48 16 -34 26 48 48 -22 47 -49 10 -21 6 -46 -21 -29 23 49 -18 30 -34 -1 -35 40 47 25 -34 -39 43 -12 -42 35 -29 40 28 35 -27 30 -39 -38 27 27 -18 -19 -43 -37 49 20 44 45 20 6 25 42 11 -16 -29 1 -44 -34 25 -10 -8 -32 17 31 -22 -1 11 11 -39 31 7 44 20 27 -39 -35 -19 -37 43 29 40 11 -11 4 -5 22 -21 
21 11 -23 -16 -24 26 40 17 40 28 -3 -49 -14 -10 -13 3 -24 24 39 -26 21 16 1 42 -47 5 -23 -17 38 -14 -23 29 44 -17 -38 39 15 -20 23 -15 -46 42 -44 30 -36 42 -25 9 -36 -2 31 -23 7 -50 -25 44 39 -19 29 -42 11 3 12 -46 -7 29 -18 37 -9 24 27 11 26 -9 -2 15 -28 -37 -22 -1 14 48 9 -18 17 29 -34 29 -30 39 -19 -5 8 21 32 -35 -44 5 -15 -47 5 
-18 5 -37 -28 45 31 0 -48 -47 20 23 -2 -16 -33 28 -43 -46 -2 -45 -3 -49 40 2 28 -33 -17 -46 -12 -27 13 -10 -28 32 49 -10 -22 -21 -43 8 -40 -33 -32 12 -48 20 -8 -18 -47 -19 32 -42 36 -5 0 17 -14 19 48 -12 9 -2 -3 -22 24 5 -7 17 -10 -29 -33 -11 -30 9 27 -28 -20 -30 -41 39 42 15 -28 -47 -31 49 49 3 13 10 -45 14 5 48 -41 -22 8 -15 10 47 25 2 
43 23 -31 41 43 -12 -49 -44 37 22 -19 18 -37 32 45 -3 -35 -45 -45 28 -29 -44 28 -6 11 -24 -13 8 14 -39 -37 -44 -41 16 -37 -27 3 25 -2 -1 -17 -17 39 2 -12 -35 -25 23 14 -8 -25 11 2 16 -7 9 -43 -11 39 -37 -38 19 49 20 -24 3 -29 -27 36 24 22 24 46 2 2 34 -25 2 38 16 -43 -36 48 -49 -3 -23 -15 -30 -11 -40 -41 -5 48 -40 -5 -15 -50 48 28 -41 10 
5 -12 -40 -36 -14 -27 34 -12 -30 -20 -30 41 49 -30 -5 45 -4 -49 -42 -6 -40 -45 0 8 -1 -22 44 24 42 -15 3 33 -34 26 39 -33 -28 -31 -26 35 -28 9 -23 8 -49 48 39 -25 12 5 -44 45 -10 -48 26 21 30 41 -6 34 4 9 30 -44 -18 34 -3 -23 22 23 -19 -38 -6 2 38 -13 4 8 37 -43 37 27 -49 9 -23 -7 -23 3 26 -8 34 6 -17 -17 18 -31 9 -25 -30 2 30 
-17 33 -42 -6 -1 -48 -1 -30 -12 -8 2 -33 -39 31 41 -21 33 8 13 36 6 -33 -44 -47 3 -1 2 -21 -25 0 47 15 14 -37 -50 14 8 25 -43 39 45 -37 -40 -27 19 -10 -11 -21 44 27 -50 -11 23 0 -9 18 -16 -43 26 2 29 31 1 26 -4 -44 9 -29 2 -36 -38 28 -49 -39 23 4 -23 24 -10 -11 14 -3 -47 -8 46 41 8 11 -45 30 -44 -34 -5 11 49 39 24 -50 44 -40 17 
-21 8 -17 -9 -49 25 -13 -23 32 -28 -50 46 32 1 29 48 3 -3 -8 -41 8 42 39 -1 -10 -36 -40 9 37 6 -45 -42 -15 -21 -21 -30 48 37 29 27 15 -46 32 -40 0 17 -37 -35 1 36 48 -41 36 -22 -36 31 22 9 20 -21 -39 -15 8 -5 -2 48 19 4 25 -25 13 0 -21 45 29 -10 23 -39 36 -1 -47 -5 -4 30 11 -2 -33 48 -36 40 -20 -25 21 13 48 -38 38 -20 31 27 3 
-9 2 34 32 46 -31 -14 -24 35 -35 17 -19 34 -19 -37 -18 -22 46 -30 -25 2 31 -44 -34 -38 -15 -41 29 31 -25 -10 -39 -19 35 34 -15 47 3 14 -15 -18 49 -46 10 3 -25 -35 -47 32 -18 -15 18 31 -13 -5 2 46 4 -46 -3 47 38 -43 28 -19 32 -29 -46 29 13 -45 31 -15 -37 9 -32 44 -21 -40 -20 16 32 46 -40 -47 -4 -18 -15 18 -30 -22 -29 -35 34 9 -14 -33 -12 -20 -45 -36 
8 7 47 -32 -40 45 -15 -11 22 -14 -28 26 31 -28 -30 -14 30 21 26 -28 25 28 -16 12 6 42 -28 -45 -23 -37 10 15 25 -17 22 -5 -28 -6 -4 -39 -40 -2 -7 0 -7 47 20 37 -9 33 -12 43 -11 -32 -29 6 26 -33 -24 3 -47 -14 43 35 30 10 -6 -28 8 -49 39 -27 -21 -36 -42 16 9 21 -14 5 8 -45 -13 6 -38 26 -28 -44 -9 14 38 10 47 -17 -19 -32 18 32 -43 44 -44 
-23 -48 30 -8 -30 36 -9 -49 9 47 -21 40 37 -6 -23 21 -3 28 -39 30 24 -44 13 -34 -49 -47 47 8 10 -44 -3 -18 1 -20 24 40 18 49 -15 -36 -8 -17 39 -29 48 30 13 20 40 -16 11 -1 -42 -23 -8 -1 -46 -6 -1 -47 18 -8 -40 31 14 -30 43 -7 24 -28 -2 -24 17 -19 -44 17 -30 -27 12 -7 -18 -12 -14 -21 -12 2 -33 11 23 39 38 28 47 17 -2 24 -24 -29 -39 48 20 
33 -30 -9 -4 27 -11 18 2 -50 11 -50 13 -8 -43 -16 5 -12 -1 44 -49 29 -28 42 5 36 20 -38 10 35 45 31 -46 14 -19 -8 8 14 -9 46 -42 44 -12 -18 -9 -49 -13 -47 15 41 -11 20 0 5 -4 27 12 8 -24 23 5 20 -48 -4 -11 49 -46 38 -5 36 3 -2 -31 -9 -37 -45 37 20 27 -47 39 24 -22 39 -3 14 -1 47 6 45 -45 -36 18 -16 30 25 5 26 49 -32 -33 -11 
-41 2 -20 -22 -4 16 40 -37 21 -18 15 49 -50 -22 33 5 -41 -8 41 12 -14 19 -31 -11 16 28 -3 -15 -29 -1 -1 -26 -17 11 -49 48 -13 -13 -46 41 2 -38 -6 -15 26 -7 -35 30 43 -20 -13 27 41 2 45 1 41 42 -26 21 -38 25 32 -4 -12 9 -40 -5 -22 -28 -2 22 -6 47 45 -49 -28 19 18 44 13 -41 27 -39 31 2 -3 -12 24 36 -37 -20 7 21 -29 -40 -22 7 -1 -34 49 
-50 -42 -23 12 16 -49 22 -10 -34 -20 5 17 4 -39 39 7 -10 44 22 -26 2 6 -38 30 36 -12 -23 -50 42 -23 -37 23 -21 -18 -23 -37 -22 13 23 27 26 5 -25 -3 16 6 37 -37 13 -31 -23 -8 -37 -41 22 -4 1 20 -40 -11 -16 16 39 -37 -5 -11 0 41 -30 45 36 -32 -34 14 18 -17 29 -7 -13 32 -5 22 32 -30 -29 -4 -36 11 22 -29 24 -28 26 -44 3 -28 13 -41 26 34 -43 
-23 -8 38 33 -8 3 -2 0 -31 -27 -13 40 16 -33 -9 4 5 49 22 -15 8 -10 -34 -8 -48 13 -4 25 41 35 19 31 -43 -22 5 -49 -9 -1 -45 18 -3 30 44 30 32 -34 26 -32 -10 -10 16 -47 -33 -21 29 33 -25 -16 17 2 47 15 -36 14 46 33 -23 24 29 -19 -45 -3 -45 -50 -44 25 16 17 39 0 -29 -49 20 -31 47 17 9 30 10 -18 -37 -8 -45 -46 27 -46 22 49 0 31 -14 
26 -6 -18 37 -25 20 -38 -21 11 -16 -38 -17 -47 4 -48 13 33 46 -10 -40 26 -1 23 12 43 -41 30 -23 -28 -35 33 13 14 -45 44 -47 1 -27 -43 0 39 6 46 -22 -34 -25 0 -3 -42 -31 49 42 -10 31 0 26 -21 -2 45 21 1 -1 -35 22 28 13 -16 27 -22 -10 5 20 0 39 -30 21 16 -16 -11 -5 27 -2 -30 -11 -1 7 5 -28 -41 -25 35 -22 -14 -26 43 -7 -44 35 29 2 8 
-9 -23 47 -7 9 -16 -4 -19 21 -27 -30 -22 45 47 49 33 15 0 -7 -16 12 -41 -11 33 0 -40 -29 -15 -24 36 33 46 32 24 -43 20 34 -39 0 -7 17 -15 49 -47 11 -2 -13 23 -16 25 -4 -41 19 9 8 0 27 -12 -32 10 -17 -12 -8 3 14 -26 -11 -12 19 7 46 37 43 35 26 -4 -13 -26 -17 -45 -18 -4 -49 -9 0 3 7 -3 49 -23 -41 26 -6 -1 -33 39 -26 34 47 6 -37 
-47 -36 48 12 12 -40 -46 -41 49 32 -33 19 10 -1 -9 48 -15 -26 -10 -3 -47 -13 32 37 8 -39 -31 -6 -12 3 -14 -46 -41 -2 20 -24 -17 -23 -23 -3 28 46 -49 46 39 42 -27 46 31 10 -5 43 23 -41 30 31 -15 -6 -39 -5 0 -6 43 -30 14 9 -6 28 -8 -34 19 -33 46 -50 -49 -47 37 -50 -46 -32 42 34 -18 3 -30 48 25 -15 27 0 37 36 10 21 -4 -17 33 -27 -31 3 -38 
-17 38 24 -39 -11 -35 -26 33 -43 -46 -21 49 -20 -24 31 -42 -7 25 -1 -43 29 -29 22 38 -47 -33 -50 -39 -18 -5 -25 -5 -48 -8 12 -37 19 44 -22 35 -35 -5 35 11 -3 -47 20 25 -1 43 -36 30 48 -10 -7 -20 22 -20 25 -28 42 -26 -40 -30 -43 45 -32 -30 14 -7 -19 30 40 5 -19 14 -50 43 8 -10 37 -8 -39 26 36 -24 34 12 29 -38 46 -36 -23 -36 13 43 -46 -37 18 27 -36 
-32 35 -19 13 12 -45 -28 20 28 -31 49 41 -10 -38 -45 -7 -39 -32 -13 37 46 48 -31 25 -28 30 -49 -41 16 -21 6 -26 -21 34 32 -18 -50 -16 30 3 45 21 -22 13 -41 30 -46 29 33 -41 37 -24 -35 -47 41 40 -36 -50 7 -42 -25 -40 10 -37 -10 13 2 10 -46 -14 -43 11 -17 22 28 20 21 17 -11 -26 31 14 -29 44 -43 -27 -33 -8 -47 -50 3 1 16 -42 -32 -31 17 47 -8 26 -38 
-30 -47 -28 -16 -31 31 -5 5 -32 -47 -28 49 -23 -22 1 -39 13 -41 -34 9 48 8 1 18 -36 38 43 31 -46 -24 24 17 34 46 28 44 1 -5 36 40 16 -32 -17 33 34 24 -26 21 -33 -41 -37 -47 3 -28 42 -37 -45 5 -48 -47 -12 12 -35 -37 -32 -10 40 11 -3 7 7 -41 -13 -15 -20 -18 14 -49 -43 -15 21 37 1 -38 14 19 -31 35 4 -16 -21 -39 48 31 -27 49 -46 -31 -20 -13 -22 
33 37 0 -3 -20 -44 48 -17 -17 7 0 -49 -10 11 -37 23 -47 -5 23 -29 16 24 -18 -28 45 40 26 -38 -4 40 27 4 16 22 1 -48 -39 17 38 49 21 49 22 22 43 40 37 10 -41 -2 17 7 -27 0 -1 37 44 23 49 -46 8 24 38 -24 -22 22 5 48 -38 -16 10 -38 41 -27 4 -8 -49 -46 20 -4 -5 21 12 -46 -48 37 47 -36 -6 44 -25 -17 -25 -45 -18 35 17 -36 -41 -26 45 
-4 -24 11 1 33 7 8 -5 30 -2 44 0 -26 6 46 -20 -19 15 12 42 -8 -35 -9 -7 -31 -26 -34 11 40 11 7 0 6 0 26 36 -49 -7 9 -14 -37 13 -44 -9 31 -2 6 11 -7 44 -19 11 20 -18 11 -15 18 -21 -11 17 7 13 16 47 -17 1 -22 -41 13 27 24 -39 -35 -42 -25 -36 33 -8 48 29 -50 29 12 3 48 -7 -31 4 -28 19 -30 -32 -11 21 -39 32 12 -49 -21 -40 -29 
-23 -28 -12 -40 -20 -13 -10 -14 -4 -23 43 44 18 -12 -1 -40 -31 -21 31 13 -33 12 -24 -25 -8 -9 29 -8 -28 -21 8 44 16 -36 -40 -9 -20 15 22 -39 19 -13 -6 -17 11 30 -45 8 -17 46 -27 41 -50 -40 32 18 -12 47 43 39 44 -28 -49 14 18 0 0 14 10 24 -13 -3 -26 -34 48 -9 -38 1 9 7 11 -32 -32 -28 48 1 3 40 -25 -39 4 -14 -4 -9 13 30 -40 -28 -41 3 -23 
21 -5 -5 -23 -11 0 7 -20 5 -25 39 32 29 -20 35 -6 -40 37 26 18 -45 -28 -21 12 10 0 9 24 -39 16 46 41 -48 29 25 48 24 -26 -14 23 -14 46 -48 29 9 2 -23 -27 3 -43 27 -10 40 34 -20 30 43 -9 28 -6 41 -22 47 14 4 -46 20 8 29 21 -2 5 29 -9 -42 -13 -26 -45 -39 25 40 -34 -40 -36 20 5 -31 38 45 46 35 -43 -25 -21 26 -38 5 11 -19 -16 -48 
21 31 -6 -41 -40 38 -4 -17 -12 -37 42 16 45 9 18 -11 30 39 -20 13 5 42 3 16 -17 19 4 23 21 -27 4 32 -18 -16 8 42 -20 34 47 -14 -20 -22 -30 22 -47 21 31 32 -21 0 -47 -18 -19 24 27 10 -19 -24 12 -32 -19 27 0 -1 39 -23 20 -15 -44 -43 36 23 34 12 8 -13 27 10 -13 22 -46 -23 5 29 -30 26 24 -9 -7 -37 10 -12 -33 40 6 -26 -43 42 -43 35 -30 
-17 -40 24 -16 -8 6 -21 -17 -45 -28 27 -19 10 40 -27 44 -45 -6 -15 -34 -36 -22 -25 33 -27 -39 -34 27 27 -3 -20 -15 -47 20 9 -7 -42 -31 11 13 3 -24 1 18 -43 12 -29 -47 -15 40 9 -24 -23 46 -41 13 -44 6 -21 -30 -3 -28 49 38 -27 22 -8 49 -36 -43 34 -12 -37 -9 -7 48 -11 30 22 25 -43 -32 -30 27 13 -1 11 16 -18 -15 3 34 32 -32 11 49 16 -27 -26 -28 -18 
-21 38 -41 12 14 40 -16 -6 -43 -34 -33 -25 -12 -35 -49 4 -25 44 31 9 45 22 -4 27 23 -25 13 21 -17 48 6 0 0 -43 -47 -8 43 -31 -33 -24 7 -18 -36 11 11 -17 8 -7 -36 11 24 -37 37 10 -40 -6 29 -7 2 -10 -33 -2 26 19 37 -37 -24 11 -19 -1 -36 -47 49 -8 -22 1 -47 2 -14 40 10 4 41 34 15 30 -41 -41 30 -46 -30 -6 40 -2 34 -42 -39 -29 12 42 32 
41 -26 -40 2 -43 -49 46 32 -7 1 23 11 -42 5 -22 36 37 -46 -36 24 -9 46 -32 24 13 -39 -49 -5 34 23 24 5 -6 20 47 43 -22 1 16 -30 15 -2 32 16 48 16 17 -42 -24 34 -32 -38 -23 39 11 41 -2 -35 46 15 48 48 -39 12 48 -43 -19 -2 -1 26 43 -9 19 49 -25 29 -11 -46 38 46 -16 16 45 48 23 34 -10 18 0 33 11 -47 48 7 23 -34 -15 -36 42 48 3 
1 26 24 47 -44 -26 6 36 -23 -5 -35 -13 45 -17 39 -17 -4 37 -16 -44 -21 24 -10 10 -5 47 -14 -23 -48 27 27 12 -21 31 0 30 47 -31 -44 -14 18 5 -15 2 -5 -12 46 -48 -33 -50 -29 -8 47 -18 -37 -49 -12 34 -7 -14 -42 -50 21 -7 -8 -13 -48 -8 -22 12 42 -23 -6 -47 -22 37 -34 -20 31 -35 -31 -8 16 26 8 -3 -40 29 37 -50 10 -35 47 39 -30 -50 -49 -10 18 45 36 
-25 -20 -15 -6 -11 20 -9 -10 -5 12 -4 -1 -9 -44 -32 -40 -3 25 42 -26 28 -35 -41 13 37 -32 29 41 2 38 -6 33 42 39 30 -11 28 -11 -48 23 -15 -43 -37 35 41 35 17 30 25 -48 28 8 -33 -13 1 -22 5 -39 16 30 -50 -45 33 10 14 41 -29 26 -49 -33 1 -49 18 -9 21 32 4 -3 -39 -24 40 -9 -34 25 30 10 17 -8 17 48 38 -38 27 17 48 38 9 -40 6 33 6 
39 7 -11 -24 -12 -33 23 3 -10 -17 -22 16 42 -22 -9 48 -29 23 32 -36 -18 -38 -42 -9 -27 13 13 -43 26 -23 13 4 -8 32 -22 -42 -22 41 19 32 -34 -47 -49 43 -39 22 49 14 9 24 6 -47 -33 -2 20 -34 -25 -3 -39 8 19 -36 48 23 19 27 -12 -22 43 19 9 45 -22 32 33 27 -44 1 20 -10 -33 17 47 6 -36 -7 25 42 -19 -46 37 24 -26 -11 -1 7 13 34 19 -33 18 
22 -39 -33 -15 -26 -9 -11 -13 -44 4 3 -10 -9 17 -39 -17 38 30 -25 48 34 21 -15 -21 14 5 -35 -29 -13 -4 -30 -9 10 22 -16 47 21 23 -34 -31 -30 -21 44 28 22 8 -30 -10 -38 -30 -15 39 -25 25 -14 -26 41 -19 -28 -5 8 -26 47 5 -18 13 -48 28 6 -48 11 -31 -35 1 -29 32 -19 38 4 2 36 -43 -42 20 5 -13 36 -47 14 24 -32 -12 12 36 -23 -47 -21 38 -12 -5 -45 
31 -8 8 6 2 7 -41 25 -46 46 -8 -29 -17 47 -41 44 -28 -38 -37 18 7 -40 -44 4 -7 -50 -16 -16 -24 -22 17 -19 40 -7 -42 -3 -4 41 -35 6 30 -3 -17 20 16 -30 28 3 -25 6 5 -24 -21 19 9 -22 -17 -24 -2 19 -15 -26 -31 -10 -13 13 48 -18 -27 28 13 -35 -30 -28 -47 -25 5 11 1 -19 19 24 31 -47 -29 -18 -38 22 -25 -22 49 46 2 -10 26 -20 9 -33 -44 48 0 
-13 -33 31 5 4 32 -31 -27 17 -45 -29 -46 -10 48 -43 -11 -47 28 10 -38 -6 46 -30 42 9 -32 35 -29 -14 16 20 25 5 -5 28 -5 38 4 -23 25 4 -26 -45 -40 -7 16 33 20 0 29 12 -31 -19 47 33 -5 -22 -23 34 -34 16 14 -35 -29 33 -32 -33 26 39 6 11 42 -48 39 5 43 35 47 -32 26 -43 -14 -17 46 8 -34 22 34 10 39 44 15 19 -12 -9 42 -12 -41 -48 14 -17 
28 29 -16 8 39 -16 39 37 6 -9 -50 24 25 -26 -25 -37 -30 -39 7 -15 43 25 -33 -27 31 46 18 -48 46 -23 3 -34 13 25 -12 -18 -36 47 10 35 14 -31 12 -34 -26 23 -39 45 -21 17 41 46 -19 24 -2 -29 -11 18 -42 -25 9 25 -36 -3 -43 36 -29 -49 7 38 47 -21 41 11 9 16 -35 -41 42 -26 -35 -4 40 4 47 -16 16 22 -40 37 0 -31 31 -27 -1 0 10 38 27 -40 -35 
-8 -28 36 12 -32 17 -32 33 3 -20 -18 -46 45 -11 34 40 33 -47 -50 -4 -27 -43 14 -1 -14 33 18 -26 -50 27 15 37 35 30 -11 7 30 -9 -14 17 -33 -31 17 25 -47 47 -23 -38 -7 -30 -5 1 36 25 -44 2 19 25 6 4 29 22 -9 27 -17 -2 34 -44 26 -37 -2 -43 -49 29 44 11 47 -45 40 16 -25 -42 13 34 -22 -27 4 33 20 -42 36 10 -25 42 28 41 44 -21 -14 45 30 
44 -4 -3 47 7 43 -4 -2 31 -4 10 -17 34 -25 6 -10 -48 37 -12 27 45 -4 -47 27 -9 31 -13 15 6 -26 9 -48 21 41 -15 40 -20 9 19 14 -31 -17 -45 8 45 -32 -20 5 -11 -6 -34 -33 25 -10 48 -35 -45 -29 -22 -15 38 43 41 47 -37 -42 -29 1 -46 -46 -29 47 43 4 -35 36 -35 -4 -25 -4 -10 -15 -32 -40 -31 36 -37 9 -3 -15 30 32 -36 -48 -16 6 13 36 10 -4 -40 
4 -2 -13 6 29 -44 39 -5 -25 -40 -24 39 -17 0 14 -28 -31 19 22 -43 -26 -40 26 0 -22 36 -35 -5 31 -43 -21 -40 2 -3 -33 -13 -7 49 -17 -33 39 -41 1 -3 26 -29 30 -41 40 -8 4 -45 7 -10 27 -9 13 45 -3 10 -34 -27 -6 42 5 19 -43 -5 -4 -33 23 38 39 48 -36 6 19 -8 -2 -16 13 7 0 -12 16 45 -14 9 -37 17 18 36 28 20 -21 24 -12 -33 -28 16 6 
35 5 -4 40 -41 1 -16 31 -23 0 28 -28 47 -9 31 2 -46 45 -46 -48 6 -15 32 -30 -34 -40 -49 39 0 -36 13 -48 -15 -34 -45 21 -27 -11 26 0 44 8 0 11 44 2 37 28 46 35 -44 18 22 -7 33 9 -22 -46 -4 -35 27 29 31 34 47 34 -41 -21 26 45 7 26 14 -17 37 46 -15 -3 39 25 -44 -21 -28 15 28 -21 -48 31 30 -32 -39 -16 11 0 -12 14 -42 27 -23 27 8 
25 -19 -24 10 -20 5 3 11 -19 46 -12 21 -9 -13 14 41 21 -19 -14 -3 2 -25 33 -30 -47 -15 21 -44 -48 10 -9 -39 28 -23 -18 -39 42 -1 26 14 1 45 -19 -19 -26 13 -1 28 39 -9 -12 -42 44 -4 -35 -27 4 -3 49 -16 10 -16 15 -19 -7 5 44 -4 3 38 -24 41 42 3 28 -19 22 -7 -29 11 -10 28 19 -6 -25 10 46 42 10 -20 -42 -14 -10 -45 -42 16 -1 -48 25 48 -11 
-26 28 -9 31 -36 24 -33 22 -5 47 -34 -26 19 26 -10 -36 31 -41 -45 -32 -32 -26 11 -28 6 -6 -32 -34 -17 -46 -46 15 -15 -29 16 36 49 27 -13 49 17 -41 22 32 -31 21 35 -28 1 4 38 16 -30 -12 9 29 -50 14 -9 -46 40 27 -46 -13 -24 14 23 -34 -40 -39 -4 -31 -14 -44 -42 45 -41 -19 19 -49 -9 -6 -24 33 -22 -43 36 21 26 22 -7 -35 47 5 -11 2 -18 -22 -31 -31 -25 
15 -50 40 -46 0 11 33 -50 -49 37 43 -2 -41 2 38 -43 4 49 1 1 41 36 40 1 13 7 49 -34 0 -33 34 49 45 6 8 4 -29 -33 -40 -19 39 -15 -18 49 45 6 -10 -46 16 9 11 -28 6 34 -37 -18 44 -44 4 17 34 -19 -9 19 -29 28 13 46 -36 -33 28 -32 21 -34 -11 0 13 29 -10 -7 48 -21 -14 -37 -28 -46 -45 44 -45 -12 37 -45 49 30 13 -4 -19 -19 -16 18 -12 
6 -21 7 37 -19 -19 31 40 -34 -21 -24 18 26 -50 27 5 17 -19 21 -29 -42 7 27 30 -15 9 -28 26 33 39 -13 -30 29 0 -30 -8 39 -40 -45 18 -36 38 -19 11 20 18 43 -9 -5 45 26 -21 24 -36 6 -24 -30 31 16 25 -43 -11 46 -48 38 13 8 -40 48 24 10 -44 24 -9 -31 -21 35 -5 20 27 16 -8 48 34 48 48 -2 4 -37 -27 -25 -40 26 35 19 -10 -15 -16 -49 -24 23 
-43 -36 -24 1 -1 -26 38 46 -23 -6 30 -40 8 -43 -44 -5 -8 32 46 -6 -33 -27 -19 18 -32 -44 -41 -23 19 6 45 -22 36 12 19 1 -33 11 -32 34 -49 32 29 -41 18 -2 31 33 17 -33 47 47 -12 16 2 16 -29 35 45 -26 -35 -42 33 34 28 -24 38 -15 38 -27 19 -20 -6 25 -28 0 -10 -4 11 31 35 -8 -29 -41 -50 -16 4 1 16 -35 -46 -13 8 -29 -23 12 -8 9 6 -34 -2 
30 2 -29 -25 -6 20 21 31 -47 12 -35 -50 22 -3 20 8 37 32 -37 -34 -20 4 -17 -23 -13 -25 39 -25 -9 7 11 -29 32 -3 -5 -49 -11 -49 16 -11 -49 18 10 -44 1 17 -28 -43 12 -1 -9 -25 43 32 -19 40 25 -6 42 17 28 43 39 24 4 49 44 -27 -14 -42 28 -47 48 -25 48 36 -1 43 13 34 27 -19 -21 -12 45 -11 -48 6 -16 -37 -46 48 -43 33 24 -36 -47 -34 13 -20 -8 
49 -42 -48 -18 -1 -38 -34 19 -2 -9 17 -26 21 23 40 7 40 23 24 39 -20 10 -13 42 8 -10 37 -40 24 1 2 40 -50 -43 -45 -34 -31 37 11 -14 25 9 22 26 27 23 -43 -25 -31 -30 -15 46 7 46 46 -26 18 18 32 -12 -34 8 -39 -9 0 29 -25 -4 29 -36 28 -42 -21 23 8 33 -25 -18 -45 26 -27 25 20 35 -27 6 27 -25 28 38 -23 -24 -3 39 -31 36 -45 32 -39 42 -8 
36 -36 18 32 41 -27 24 2 6 41 -38 -35 -27 0 18 -30 33 21 -7 16 37 42 41 -9 2 27 -9 -14 -22 6 -47 32 48 -44 -20 -28 25 -42 5 15 4 13 17 -25 -48 37 -16 -42 -27 12 3 -22 -46 36 -22 -15 7 29 4 -20 31 42 -42 -7 -1 32 -16 3 -10 42 -38 -16 -12 -40 -50 48 -48 -16 -2 -39 -21 -28 11 26 -22 9 -37 -17 -32 -41 48 41 8 42 -38 -19 -9 11 -2 43 4 
46 -44 47 -26 -40 49 44 16 34 7 -29 3 -33 49 -14 -44 -47 46 -46 2 -10 25 -15 -21 20 49 -30 30 3 19 28 -12 31 29 4 -20 -18 31 39 43 22 32 43 2 -50 -22 1 -16 -1 -43 33 29 -13 -33 46 -32 31 -18 -1 23 8 -27 7 17 0 0 25 28 -12 40 24 -17 22 -25 -1 36 -33 -12 29 15 20 5 22 -28 7 31 -24 -48 -32 -1 -27 -17 15 12 45 19 -5 -35 42 42 27 
49 7 37 49 15 27 -31 -46 -5 43 -49 28 -24 -14 -42 -5 3 37 -40 -32 20 -39 23 7 17 26 -27 -1 1 -46 -50 41 -41 10 -36 -40 10 -22 -35 37 44 32 -50 -23 34 -43 16 -12 0 11 -24 7 41 -1 -38 -45 -2 45 13 36 -39 27 -16 -37 -3 -27 -29 -50 -6 -28 -5 35 10 3 22 -38 23 33 -22 12 -36 -5 35 1 37 -11 20 23 -9 15 27 -30 -24 -10 -23 14 22 49 23 -43 -17 
-6 31 -46 -8 -26 31 16 -39 -24 -20 -12 -35 -1 27 9 -41 -2 22 -38 -36 -34 -46 7 -43 39 -34 9 19 8 34 -41 -34 -8 48 -7 22 -17 -7 16 49 16 -40 21 4 -47 -7 28 40 -42 -7 17 9 40 -13 -7 -10 37 -7 -49 -1 36 -26 -27 15 -18 26 41 -43 -19 -22 -23 -38 46 -38 14 6 -1 31 -3 -13 -32 -34 22 48 -3 -27 13 42 9 0 34 6 33 -35 -40 -23 46 45 -22 -18 35 
8 -43 -43 27 30 -46 28 -5 -13 -5 -11 -9 -28 2 32 13 11 -6 -44 49 34 44 8 16 -19 18 -22 30 -9 -26 12 29 -40 -49 -34 -15 11 22 -47 16 -36 42 9 -43 48 -26 37 -22 -47 5 -44 16 44 -43 3 17 -49 -12 22 46 -49 -9 -12 -39 -37 0 0 10 -42 -10 -7 -47 16 -1 -8 -38 34 42 -29 -1 5 -46 41 33 -15 40 17 -15 -44 -49 -8 -27 18 -21 -19 46 -2 -21 -50 -40 25 
19 -12 11 -48 -33 -42 -35 -27 4 -33 -2 26 -11 -10 -10 11 48 3 -18 31 29 48 -46 -16 -19 -10 13 1 10 -19 -44 -31 -38 5 11 32 -12 8 -6 10 48 -11 13 27 0 -41 42 -18 30 44 -12 -37 -18 30 -3 48 30 41 7 -39 -48 41 -12 -49 -38 40 -10 -30 44 19 40 -5 -48 26 -3 -26 16 -16 10 -41 25 49 -3 -6 15 -47 -21 10 -50 -12 -9 18 5 -48 9 34 -48 18 1 35 -42 
46 -38 -21 -16 -3 19 -16 9 -24 -18 9 -40 -43 20 17 -30 12 39 -26 -47 14 41 -32 10 17 37 -14 -43 -9 12 46 -5 24 -19 18 4 49 -37 30 -9 27 8 0 -44 33 -16 -22 32 -20 -16 46 46 30 49 -42 49 15 -41 -23 -9 39 7 -23 -43 -35 -12 -31 -38 -42 30 34 12 6 7 3 23 -26 29 -21 26 10 -15 36 23 -25 23 -10 45 5 25 -20 -41 -29 -15 -45 -9 -42 36 -5 -1 25 
36 -25 -34 -40 -38 -7 -38 0 12 -28 15 28 -21 -42 -29 16 -13 17 -41 23 -49 -29 -41 24 -39 -41 -19 -27 46 -40 45 -17 12 -17 -15 15 22 49 -37 -37 8 -36 7 44 -30 27 -35 49 -20 46 -4 -16 18 30 -23 -39 -34 22 -45 -45 3 32 23 -10 5 42 45 -27 3 -50 10 42 3 15 48 43 26 -38 -26 -4 -42 38 0 -21 -25 38 -10 -23 47 31 -21 30 -40 -19 45 34 -22 -11 -42 17 -17 
-19 -26 44 3 36 25 -12 -19 -13 -46 10 -10 5 -45 -20 34 -17 -34 -8 -35 25 -41 -1 33 -19 15 31 10 13 -19 6 10 30 20 3 27 -7 -35 20 36 27 -45 -30 -37 16 -12 35 -25 -48 -37 -45 -3 -5 46 43 4 11 26 24 -7 -42 8 -23 -6 -14 1 -17 10 7 38 -40 -45 9 16 -17 -22 -11 -36 -29 41 38 32 43 38 -12 26 22 22 48 -37 -15 39 21 -23 48 13 43 -39 -25 4 47 
-48 6 -31 -33 -34 -15 -47 -3 -11 -6 42 35 11 -37 -5 2 29 -27 1 -22 0 14 -29 49 -35 12 10 -1 36 -1 -26 41 -44 34 -24 34 25 41 22 -35 11 -15 -45 42 32 47 -7 -12 26 10 20 -13 3 38 31 47 -12 40 -8 -49 -48 2 4 -35 42 -3 38 -50 5 42 32 -26 19 7 20 -41 15 -43 -27 -48 27 27 25 -37 29 15 -24 -31 5 -16 35 4 24 -40 -8 -49 39 29 -18 -46 7 
10 48 -45 40 -1 45 -7 -27 -18 -10 -49 -17 -4 26 0 24 29 -23 24 16 -28 -22 -36 -39 -23 -50 -15 20 40 2 -8 24 -9 -50 -7 43 -21 1 49 7 42 15 -4 -14 -35 -1 -6 26 -9 23 -26 -41 11 26 38 -41 -15 7 2 -3 19 -42 10 38 -37 34 28 39 41 27 39 10 -19 36 -48 -32 -37 -13 44 -36 43 16 34 14 -15 -50 41 8 43 10 -5 22 31 -26 -40 22 30 10 49 -22 -39 
26 -24 -33 -25 -46 36 2 -5 -2 -49 -45 -48 -25 -28 3 -44 -14 -14 -15 41 17 6 -12 22 41 -5 41 26 5 3 -50 -11 -31 -22 -49 24 -12 19 3 45 3 21 9 17 36 9 -14 -33 37 -7 -39 -7 5 34 30 16 14 -29 -50 10 -38 -14 -11 -45 -11 -36 28 -40 -28 23 24 -25 44 -38 27 -38 48 20 -34 35 -29 -17 -4 46 -34 28 23 12 16 48 -7 -28 39 -50 -35 -31 -12 -42 -48 42 -45 
26 -39 26 23 -15 -1 39 -23 32 -15 -41 20 -19 40 -29 6 -9 -19 -9 34 -10 7 29 9 -2 -8 15 32 -14 -30 -45 2 -43 48 16 11 6 6 31 4 25 27 13 -15 14 35 -30 -50 -20 -39 10 21 -37 19 26 -38 -11 23 -41 -48 -24 19 14 -5 -1 -37 41 44 42 20 45 28 34 15 -49 29 14 13 -30 34 4 -42 3 -6 36 45 36 3 32 -48 43 46 -37 26 -37 28 -11 22 -25 24 13 
4 21 -40 45 13 5 -17 15 -3 29 14 25 11 -15 40 -20 -7 -38 -48 -10 15 -13 -22 -19 9 -27 15 16 -18 -28 16 44 10 23 28 -2 28 -17 43 -46 0 32 -41 -39 -3 48 7 -27 -38 32 45 -20 -13 -9 -25 -30 -24 42 -17 21 41 -38 -45 -38 -17 45 -22 -13 4 -25 -30 -29 25 -7 -46 -21 34 -39 10 -8 42 5 34 -28 -17 31 33 -30 28 -3 -25 1 39 -46 38 -3 -43 9 -33 -43 28 
46 -8 10 -31 -49 1 1 -19 -28 32 20 11 -34 -13 -11 -39 -38 12 28 -47 -5 -50 3 -46 35 28 -19 -43 -36 -27 7 28 40 2 18 14 -22 16 3 38 8 18 40 39 30 -14 5 17 18 36 -8 32 19 -19 30 7 -30 -43 -47 -1 -10 -15 -9 -31 -22 -43 44 39 -29 31 13 46 -28 -19 42 -11 37 31 -48 -10 9 -3 12 37 -19 -40 37 -42 3 18 -49 -11 -9 9 14 -38 -37 -18 41 8 -45 
-6 11 -16 47 -1 15 12 -40 35 10 -42 25 -48 43 28 19 -7 30 8 -46 -28 18 23 3 -31 35 -46 -29 -33 -36 -21 -17 -31 34 -25 -6 15 -44 49 -5 28 14 40 34 24 43 -40 3 -1 -28 -1 24 47 0 -10 -13 1 -35 35 -40 -33 -26 0 39 35 -32 -20 -50 39 -40 33 -30 -43 -46 -3 -20 0 -28 -27 27 17 -23 14 -10 33 45 -33 35 -41 -31 35 -36 2 33 9 33 -14 -46 4 34 46 
28 -11 39 -19 -29 27 -11 35 -5 3 17 -2 12 -25 8 -11 6 23 -36 13 -34 26 -3 -40 5 34 1 34 -14 -13 39 -24 -35 30 -16 -22 -40 -26 -39 47 -23 -27 25 12 -4 46 12 37 39 19 22 46 26 17 48 -8 -41 -4 11 3 11 16 38 34 -24 -39 18 41 -33 17 -23 22 -10 -1 30 41 5 32 13 -32 1 2 -16 -41 -25 -38 -13 16 -33 5 -42 36 28 14 -17 -6 -28 -23 -22 -23 -5 
-19 -5 11 6 -15 42 -14 -36 -22 3 34 -47 16 -47 -33 -11 -47 -38 16 3 -39 -37 -10 -7 47 3 -9 -34 -36 31 10 -4 26 -49 29 1 27 -3 -39 -46 -31 49 -43 -39 -11 -40 3 -1 23 -3 41 46 -44 -23 37 9 21 5 29 -26 -2 -26 -21 -20 -43 -40 -42 -44 14 -40 -4 6 31 -2 22 -8 46 -37 13 -11 46 -4 6 -23 -28 -20 -33 38 -18 -25 -23 15 48 29 39 4 19 14 46 -49 21 
23 40 9 31 -27 -20 17 -3 -48 -40 -5 36 40 -10 -22 -19 -22 -17 -8 17 -24 -31 11 -29 48 -39 -16 -4 -17 6 -25 17 8 -48 -1 -24 -21 49 9 47 40 22 8 49 -10 39 39 47 7 5 36 -46 -50 5 -12 14 11 30 -15 12 17 17 14 -39 -36 11 -29 16 -5 11 47 -12 -28 -7 -29 -20 -17 -34 48 25 29 -32 -10 -39 17 49 -25 19 25 -50 28 35 42 23 -39 1 -31 11 -32 37 -19 
15 10 6 20 -16 -20 -35 35 48 1 -43 36 24 25 48 -25 34 3 13 26 36 -16 -28 -37 34 11 -22 27 -41 -9 -29 -26 -26 -19 -25 -16 18 -16 -17 40 26 -8 -20 47 39 -33 -36 0 -44 8 17 -22 23 -20 -32 -36 26 -38 22 -28 -20 -10 -15 -12 -32 47 -38 -9 37 -14 49 -29 10 22 19 10 -4 -7 -1 46 -23 27 43 -27 -42 -5 13 5 40 16 -46 -34 15 -30 -7 18 41 -2 21 -2 -2 
41 23 -23 -26 -6 -9 1 -9 36 -15 46 25 1 -8 32 6 -39 34 26 -18 -24 -13 -2 18 -10 43 34 6 26 1 -11 -28 -42 3 -13 -43 13 3 23 40 -21 -8 9 -7 -25 -44 2 47 -36 2 45 26 -49 22 -13 -37 -40 29 -14 37 27 38 -23 48 0 29 7 -36 -10 -47 9 -30 -39 33 25 42 -4 18 -39 -24 41 25 -42 9 -49 -48 -22 34 44 -18 1 -22 -1 -38 2 28 -21 -19 23 -32 35 
28 18 27 -29 -39 -39 -5 15 -49 12 5 -16 -46 37 35 -11 -39 46 35 -39 -24 -14 35 46 -10 32 32 -34 -21 -3 3 -35 8 38 -30 -46 -32 -40 44 -15 20 -10 -39 39 -20 35 -26 -16 23 -8 -16 -21 24 25 -17 -28 32 -35 -7 -19 -15 -30 -28 -2 -37 -13 -23 8 -10 47 44 -37 -21 -46 -15 2 36 -19 -40 -46 3 48 15 23 -19 -21 -40 -14 -12 26 -37 -1 1 -38 44 -45 -48 8 39 -19 0 
22 17 9 -26 -7 36 24 -8 -15 -6 23 -43 -28 -23 -30 42 -12 -30 -1 49 -33 8 46 -30 -32 -49 -38 26 -25 -38 -22 14 -36 -50 -14 40 25 -12 11 -38 32 42 18 31 -50 36 49 42 -28 -17 25 -4 -30 7 4 -26 -35 -8 45 27 -13 -30 -46 -12 31 -3 -41 4 -5 29 17 0 -13 37 -33 -39 -3 -29 44 -42 25 36 -18 1 44 -40 6 38 7 33 37 -14 -26 1 19 18 -41 -25 0 -16 -24 
-35 -45 0 -9 -25 4 -25 -44 -20 -11 5 24 30 -8 26 26 -22 40 26 24 3 -29 28 -8 9 36 41 -40 -30 -22 -13 -31 16 -12 -4 -33 20 -37 -10 -1 -26 -25 43 20 31 -22 25 -18 -10 44 43 26 -1 -16 -37 27 -35 20 36 27 30 -29 11 5 19 31 -35 12 0 -16 16 23 -18 44 -32 44 -27 -34 41 6 40 13 35 1 -18 17 -2 -8 -47 41 20 29 -28 -43 46 41 24 -45 21 3 11 
9 -48 -42 45 -9 20 5 -46 -11 9 20 -13 -8 -11 16 -22 14 26 28 -26 20 -47 15 -24 18 -28 -37 1 -17 22 -4 11 -18 -13 -43 22 -35 -23 -9 37 -23 -46 -28 7 -19 30 14 -18 20 32 5 46 33 34 10 -11 38 -41 -15 30 -10 -35 23 26 -48 2 4 -10 -33 -39 -35 -48 -31 -9 43 -10 31 28 17 -49 -14 -7 20 0 7 4 20 24 5 -33 49 12 5 -13 -4 49 -30 -31 12 36 -47 
30 -27 -5 4 27 37 43 -50 -11 26 10 -36 -26 -1 -16 25 42 25 -41 11 48 26 -39 10 -31 4 35 -9 48 19 -32 30 -13 35 26 24 -42 -11 -12 -5 -36 18 47 10 33 -5 -38 20 -28 -14 36 -50 45 12 6 42 27 14 6 -28 -8 -6 5 -41 -26 -50 -29 -25 -27 -39 -37 -21 40 -48 19 -15 18 -8 13 -20 -45 43 -35 20 -10 36 -7 -13 23 -27 -48 -26 45 33 -13 -46 -28 -4 22 7 48 
44 21 -35 49 -39 46 48 -34 -2 31 47 -7 12 22 20 8 -48 -17 -11 -43 4 26 -40 40 -40 -36 -17 5 30 37 -30 -46 -43 31 -26 -38 -42 15 -32 7 -48 27 13 30 -13 46 -45 11 42 -47 40 -30 9 47 -2 0 27 5 -33 37 -16 40 21 -50 46 -22 -26 -11 34 -22 10 -40 21 28 26 -49 43 43 30 5 18 -5 -10 43 -32 1 -43 42 15 -7 -22 -29 -28 19 18 -16 -14 -38 -8 -17 -41 
-47 48 35 -2 -26 -14 -21 29 -14 -43 -16 18 18 39 -1 38 37 11 -30 31 30 44 -46 -18 29 22 -1 -19 -2 4 35 -21 23 -44 34 7 23 46 -19 -25 12 48 36 9 44 41 0 -42 -28 36 -19 14 28 44 -31 -16 -10 -2 25 -39 18 41 -20 19 38 11 47 -2 47 12 -39 -12 23 20 36 -13 14 3 -49 39 -12 11 -39 27 20 11 45 24 -13 13 -15 -13 -30 -13 -8 -16 11 -4 -43 -50 36 
45 -33 -46 -12 -10 -48 -25 -18 -15 -5 -24 32 19 -13 -37 -49 31 46 26 -28 39 -10 44 16 -21 -16 -45 24 -7 36 -30 -7 -43 -15 37 41 -17 41 25 19 2 18 39 18 46 29 44 -17 44 -18 -6 -38 49 45 49 34 5 12 -9 22 -10 48 -7 39 12 44 -22 -17 23 -47 15 10 19 44 -24 25 -20 43 18 -6 41 -1 7 40 20 42 46 18 11 -29 30 16 -22 46 -18 7 32 11 -3 -22 39 
25 -45 -42 -44 39 15 -4 14 -20 -36 -23 -31 -13 25 -46 33 -34 6 -22 -9 -2 -12 -15 -50 -24 28 -49 -14 -4 -8 -42 -37 -11 -21 -19 -15 11 -40 41 42 -20 -15 41 25 -25 -15 18 -30 -7 30 39 -4 -30 -40 -30 2 -28 -48 35 1 48 39 19 30 -37 -48 10 34 7 -5 37 -38 -27 16 10 -38 33 1 11 19 -13 44 43 27 5 17 -20 35 -40 0 43 -45 -42 -8 24 -23 -40 -34 -5 -20 14 
-19 24 -23 -21 19 24 -16 -29 -32 -21 -31 5 6 45 40 -40 10 -10 -49 -43 48 -28 -22 -44 -16 1 46 -20 41 0 -43 -39 -43 9 -11 11 -17 40 -50 41 -43 32 12 -6 0 17 45 35 -33 38 -44 -31 0 36 -43 15 25 43 -18 17 26 5 48 17 40 -34 7 -28 25 28 -31 35 16 47 45 -8 38 47 2 -31 -6 31 -41 -6 -11 -37 27 45 4 10 31 -48 -4 6 -6 -8 27 31 42 -47 -7 
-25 7 -16 -25 -35 -34 27 -39 39 27 42 -22 38 -28 22 -26 -1 -20 1 -13 25 43 -41 -43 13 -16 37 -9 9 7 40 -39 -16 -20 -37 38 -5 -22 16 37 12 -12 -25 -21 -3 12 29 43 5 -39 -26 20 -19 -26 3 42 -46 -36 42 -16 -32 19 5 29 -26 -40 -16 -10 9 -15 -29 -36 0 5 29 40 10 -5 -13 12 -45 -36 0 25 32 -21 37 10 -30 32 40 36 45 -1 14 30 -23 -31 2 -8 47 
-4 -9 -35 -47 -45 6 -21 45 45 -45 27 42 42 -47 3 1 18 8 -48 21 38 1 -45 40 -31 23 21 43 -15 12 -15 12 23 -34 -5 38 -37 49 -7 34 -15 -15 -40 -27 -3 48 34 -25 -46 -48 -16 -22 -13 40 28 18 -45 -23 -11 38 37 -50 -13 -24 -20 -22 34 35 10 41 -41 -22 44 16 11 -30 -14 41 -25 7 -46 -6 -49 33 35 10 18 12 -12 13 49 41 8 -9 -6 -26 -16 -2 -8 42 31 
6 28 40 -48 -18 9 -27 17 28 -38 15 -13 -48 28 -11 -6 5 -32 19 -1 -41 44 -50 35 -47 -18 7 -43 -10 6 -29 11 9 34 -49 44 6 12 35 -46 48 7 -17 25 34 14 -32 25 -40 0 2 24 32 44 -23 5 -7 2 42 22 6 41 -48 -8 -47 -16 8 -43 0 4 26 13 -24 3 -38 43 39 41 4 47 -50 11 -10 3 42 49 48 -37 8 -15 13 7 -9 -8 27 -34 -14 -31 -30 31 -31 
-2 32 -38 33 20 -33 21 -45 -35 -48 28 -9 -22 -22 -23 -13 -13 7 2 39 41 16 42 -23 -20 -44 -21 -6 -48 -33 9 6 36 -47 23 -24 5 -21 40 -37 -27 -24 -8 40 -43 25 -10 -43 12 13 -28 -36 -44 17 -41 -8 -44 16 31 3 -21 -10 39 -2 -12 7 -29 6 -15 45 -16 32 -21 -39 13 -5 -19 -43 -8 33 8 41 -25 3 -4 44 -3 49 -4 -5 -27 -19 -29 -2 -30 20 -50 25 35 -37 -36 
-24 43 23 24 6 22 -8 -39 -34 34 -14 -13 -20 -35 16 3 -7 -7 -44 7 2 13 36 29 14 -46 38 49 -45 -4 27 24 -48 6 -11 -21 24 1 11 -15 7 -31 -22 -12 36 49 5 0 25 -9 10 24 -42 7 18 31 30 49 10 39 -39 -11 20 26 15 -31 -29 43 45 -16 -28 23 4 -44 -40 -20 30 -10 12 -15 -34 37 -3 10 0 -31 15 35 -1 12 -17 0 21 1 5 8 -25 29 2 41 16 
-40 32 19 44 -45 -23 -42 0 2 19 37 7 -21 -4 -47 -17 -36 -42 -27 43 7 -4 45 32 -28 -17 -13 6 -15 5 28 -3 -30 -6 -2 -18 30 -39 47 -3 -49 49 11 7 -30 -23 -26 -26 8 18 -40 48 -2 -23 10 2 -2 -1 -42 -50 43 -4 -12 -36 10 -2 -40 37 48 38 -1 -9 -42 -34 41 -11 -35 -3 19 -40 -26 5 -13 -32 -46 46 -38 -42 24 37 -6 11 8 -23 31 11 27 26 -14 -6 -21 
20 -7 -36 -3 -26 39 42 22 8 -37 39 -14 -28 22 18 47 13 -5 42 -49 20 46 -38 -9 46 -5 45 22 -1 35 3 -4 16 40 17 -6 18 -4 20 2 49 9 28 21 12 12 -17 -49 -21 33 11 32 15 43 41 4 -13 49 -10 49 -18 42 -20 -24 19 -25 -36 29 -17 -21 43 -29 -47 -12 -42 11 -43 -17 12 44 35 25 38 -27 27 -7 49 -36 -22 -13 -14 15 -23 22 8 -3 18 -37 36 36 -3 
